961 731 691
108 131
226 344
192 566
474 469
4 684
506 654
173 342
438 228
230 489
233 125
255 291
212 593
353 258
114 528
519 201
413 364
117 219
101 246
560 251
681 11
423 503
645 257
96 551
329 588
244 183
194 62
408 487
92 293
621 554
500 414
629 439
480 106
527 204
416 112
457 40
654 629
145 601
104 291
184 355
133 162
382 26
670 237
210 108
523 515
91 616
494 508
6 681
328 119
251 654
237 238
58 146
53 18
580 274
700 499
270 424
642 350
122 582
416 16
593 466
561 248
283 334
88 564
689 638
299 301
243 120
163 490
608 467
731 411
110 305
516 297
141 243
670 193
479 540
337 58
370 681
565 394
242 358
577 70
587 652
611 680
188 113
581 645
607 56
445 691
422 103
84 160
18 552
491 39
720 131
110 4
698 120
510 647
444 573
142 141
12 639
470 525
691 130
169 34
65 507
501 276
456 462
703 691
389 271
409 469
140 398
641 676
311 296
614 533
724 29
260 567
5 571
1 414
384 654
599 282
425 10
304 668
13 651
683 224
226 516
469 585
25 222
78 218
192 458
530 261
55 17
255 277
438 528
50 139
346 253
266 349
200 523
586 543
258 7
448 433
370 680
644 196
394 198
729 549
285 447
292 675
117 584
89 23
81 685
266 56
388 51
332 569
418 566
408 104
493 145
489 624
724 317
359 646
36 525
66 578
600 98
209 65
647 57
430 476
606 423
371 279
4 285
143 641
519 16
302 588
173 157
32 568
305 42
399 2
574 588
327 347
621 149
716 395
3 70
519 407
89 616
42 383
508 128
451 63
39 120
13 623
73 166
376 401
499 634
59 207
72 377
707 54
405 629
255 303
130 508
681 329
15 37
132 264
513 573
452 2
510 219
540 522
174 269
369 578
587 299
723 339
285 378
171 308
319 401
232 268
340 645
687 142
229 351
514 608
606 124
521 623
5 323
598 618
573 461
477 347
309 655
468 498
45 387
327 481
133 625
27 655
521 611
197 554
61 672
436 47
469 14
174 269
246 469
548 611
104 245
77 261
74 620
347 421
650 340
324 298
717 565
469 569
660 241
57 487
413 139
405 190
174 113
722 255
351 558
452 70
334 219
38 33
4 331
661 384
259 376
441 200
36 440
413 373
492 145
416 673
4 609
550 550
679 419
334 457
51 487
405 461
639 209
192 534
712 304
453 500
437 361
323 2
502 647
358 47
138 32
554 154
470 115
637 24
615 529
711 376
585 52
549 388
694 329
1 661
347 194
148 61
388 524
23 681
656 324
179 591
257 680
467 217
508 615
579 326
3 571
226 78
194 258
535 343
93 205
553 191
566 128
538 450
240 581
210 320
709 432
560 72
200 649
519 585
196 631
583 284
373 577
621 407
54 92
301 379
266 189
176 220
68 305
526 450
512 166
37 623
446 460
451 279
622 75
114 446
659 388
357 573
706 136
251 120
667 181
326 625
98 355
259 665
167 90
663 621
144 40
206 116
224 403
118 317
712 307
451 634
154 618
289 313
417 16
474 478
601 679
7 115
441 156
110 207
177 198
174 288
478 620
305 20
5 496
401 235
8 112
333 349
154 645
623 435
130 187
79 68
518 510
312 461
222 474
688 382
419 59
50 666
128 235
80 486
588 439
68 243
475 46
339 518
490 564
536 363
4 551
521 569
348 502
448 238
149 56
683 342
386 414
276 602
570 667
551 485
521 394
446 677
274 672
287 108
718 490
154 173
233 400
590 584
371 525
686 554
202 659
656 240
493 419
523 681
8 331
624 66
321 354
74 370
587 598
572 376
262 639
293 536
213 106
578 339
236 144
446 15
722 421
712 477
466 114
378 527
77 122
503 301
460 683
609 268
591 211
17 39
671 7
608 636
337 448
278 353
214 631
466 366
536 457
675 436
699 378
507 151
521 79
178 329
269 443
708 402
660 678
653 478
682 513
453 587
550 178
455 41
186 443
291 396
562 464
516 121
33 580
295 380
249 81
607 101
211 46
728 279
472 334
572 662
329 390
569 563
157 122
123 91
81 24
318 71
560 301
482 464
6 306
71 94
467 197
141 495
69 572
460 171
697 667
56 148
395 130
299 451
41 142
78 502
148 147
570 223
693 641
637 11
36 15
187 340
215 197
656 254
682 601
207 455
552 79
185 478
118 534
61 595
697 46
695 182
468 440
622 685
512 450
62 684
464 292
27 568
427 61
17 617
169 311
18 371
627 117
129 376
490 452
563 413
527 535
666 295
391 660
282 414
241 546
610 396
511 576
563 3
292 281
426 70
337 93
590 243
674 679
219 237
627 76
617 30
63 281
22 20
305 503
29 44
391 59
54 249
681 284
639 353
653 663
689 655
313 450
557 112
402 422
414 88
31 661
68 173
530 77
170 188
500 247
633 533
246 661
459 120
44 530
70 407
211 217
396 93
251 586
221 535
454 321
323 21
172 142
655 176
362 245
305 209
710 652
465 472
501 415
543 441
669 207
486 278
619 314
704 586
654 168
529 586
730 436
471 233
261 302
692 403
325 454
180 469
36 54
325 386
207 22
579 672
566 261
299 447
116 676
377 475
183 251
285 643
293 435
447 513
634 547
199 454
1 410
545 488
72 646
516 678
76 331
56 94
144 567
634 552
288 560
504 622
467 341
694 636
423 500
483 299
563 475
123 68
615 20
129 406
225 194
174 172
637 648
707 411
83 608
362 173
718 636
312 344
158 126
486 312
313 232
132 444
489 218
378 255
106 284
237 104
405 295
374 330
145 245
590 564
417 539
451 352
81 635
43 109
100 429
171 457
702 500
605 271
185 246
349 669
633 538
39 571
223 325
170 9
515 162
400 256
587 94
225 347
467 341
385 510
398 422
551 80
324 92
586 193
258 157
483 106
121 599
295 199
149 662
499 465
122 299
663 254
11 121
309 449
223 688
147 346
277 146
223 477
432 496
372 146
77 134
200 567
667 151
322 1
453 13
373 554
319 313
397 423
184 616
461 501
650 296
592 386
310 488
204 224
662 271
52 93
605 643
401 407
575 103
93 307
72 178
243 44
708 677
200 117
634 208
139 465
62 483
449 516
576 165
121 671
669 234
431 427
136 507
256 5
79 664
414 479
578 350
178 615
378 421
333 556
680 545
317 162
299 53
191 197
546 418
462 459
437 60
71 410
461 198
329 20
271 312
691 398
717 65
94 4
674 626
472 362
510 103
252 377
521 125
386 226
585 395
526 107
669 675
548 395
538 133
21 337
535 392
446 597
697 212
337 345
419 456
502 216
115 476
396 14
462 99
305 7
449 254
243 506
105 424
76 152
89 92
415 102
578 553
439 528
629 614
466 260
731 341
684 329
522 624
460 153
106 426
312 379
57 679
179 102
382 60
134 387
251 563
485 246
599 375
685 533
541 354
540 333
533 290
27 333
237 221
532 464
362 89
133 620
347 444
550 609
66 540
382 541
513 272
482 600
692 1
115 561
500 492
243 208
111 83
5 351
664 176
360 435
492 97
104 149
385 204
83 491
557 49
672 191
130 566
249 377
318 541
36 2
255 615
94 304
459 675
575 507
421 484
318 491
206 375
607 598
727 583
60 239
585 253
478 480
385 203
683 209
194 576
592 570
479 642
445 92
536 286
311 26
82 429
423 239
533 112
633 431
116 584
486 398
588 463
215 625
303 3
696 239
504 539
664 275
360 604
594 474
699 190
181 108
202 268
196 136
130 319
8 423
657 547
430 16
246 357
185 506
392 516
469 386
726 597
205 673
267 145
174 265
440 255
555 356
649 388
349 660
595 80
76 516
326 205
428 501
550 453
407 662
366 368
415 458
151 46
49 440
618 399
128 388
535 603
556 666
590 313
181 417
240 292
358 37
160 266
322 675
281 398
323 490
382 306
240 489
87 69
81 174
639 22
544 77
59 359
397 245
356 665
352 125
255 109
195 555
358 652
405 638
505 285
176 654
263 53
74 139
495 77
274 172
327 425
110 137
639 164
294 475
410 404
248 95
98 135
109 80
310 258
467 139
578 104
635 372
541 371
214 46
170 389
297 225
113 83
599 304
265 86
367 652
561 146
167 109
504 347
570 386
133 287
497 268
489 368
326 483
262 279
509 185
360 676
617 320
26 493
240 226
503 247
127 649
302 154
721 235
560 649
248 339
403 84
405 312
403 621
56 506
297 212
385 645
235 301
565 458
57 484
401 180
214 567
205 198
146 512
422 121
325 165
24 265
236 604
588 422
195 427
255 500
436 375
66 55
169 547
324 212
672 636
335 373
271 109
184 328
373 599
36 489
540 431
657 352
444 250
636 444
303 272
277 324
332 197
168 434
362 189
